0.2159 0.2065 0.1982 0.1651 0.0785 0.1999 0.2201 0.0726 0.1531 0.0575 0.2128 0.0361 0.2063 0.1762 0.2438 0.0998 0.1531 0.1714 0.1458 0.0616
0.2065 0.1887 0.1508 0.0207 0.2526 0.2074 0.1204 0.1282 0.2072 0.2118 0.2635 0.1737 0.0432 0.0876 0.1602 0.0910 0.1290 0.2600 0.1327 0.1670
0.1982 0.1508 0.2929 0.1763 0.2029 0.1782 0.1508 0.2195 0.0844 0.2097 0.2532 0.0878 0.2381 0.0906 0.1445 0.1102 0.0972 0.2421 0.1775 0.2224
0.1651 0.0207 0.1763 0.0907 0.0676 0.1464 0.1809 0.1260 0.2753 0.2188 0.2669 0.1370 0.2435 0.1152 0.0973 0.2075 0.1081 0.1874 0.2104 0.1309
0.0785 0.2526 0.2029 0.0676 0.2258 0.2730 0.1861 0.0125 0.2574 0.2638 0.1196 0.2302 0.1783 0.1573 0.0576 0.2393 0.2571 0.0539 0.0718 0.1430
0.1999 0.2074 0.1782 0.1464 0.2730 0.1561 0.1707 0.0902 0.2330 0.0435 0.1379 0.2133 0.1643 0.1154 0.1243 0.0235 0.1873 0.1520 0.0523 0.1827
0.2201 0.1204 0.1508 0.1809 0.1861 0.1707 0.1012 0.1729 0.1265 0.2135 0.2306 0.1011 0.0773 0.1677 0.1436 0.0902 0.1667 0.1995 0.1159 0.2812
0.0726 0.1282 0.2195 0.1260 0.0125 0.0902 0.1729 0.0369 0.1992 0.1726 0.1811 0.1044 0.1973 0.0877 0.0994 0.2949 0.1700 0.0369 0.1417 0.1803
0.1531 0.2072 0.0844 0.2753 0.2574 0.2330 0.1265 0.1992 0.2001 0.1890 0.0670 0.1412 0.1819 0.1870 0.2449 0.0635 0.2116 0.0869 0.2642 0.2544
0.0575 0.2118 0.2097 0.2188 0.2638 0.0435 0.2135 0.1726 0.1890 0.0844 0.1538 0.2238 0.1202 0.0789 0.1913 0.0604 0.1896 0.1228 0.2672 0.1662
0.2128 0.2635 0.2532 0.2669 0.1196 0.1379 0.2306 0.1811 0.0670 0.1538 0.2920 0.1145 0.0490 0.0839 0.1312 0.0918 0.1115 0.0506 0.1977 0.0938
0.0361 0.1737 0.0878 0.1370 0.2302 0.2133 0.1011 0.1044 0.1412 0.2238 0.1145 0.0129 0.1538 0.1026 0.0946 0.1291 0.1315 0.1288 0.1075 0.1895
0.2063 0.0432 0.2381 0.2435 0.1783 0.1643 0.0773 0.1973 0.1819 0.1202 0.0490 0.1538 0.1116 0.0609 0.0477 0.1824 0.0938 0.1489 0.1351 0.1248
0.1762 0.0876 0.0906 0.1152 0.1573 0.1154 0.1677 0.0877 0.1870 0.0789 0.0839 0.1026 0.0609 0.2939 0.1720 0.1550 0.1806 0.1185 0.2619 0.2548
0.2438 0.1602 0.1445 0.0973 0.0576 0.1243 0.1436 0.0994 0.2449 0.1913 0.1312 0.0946 0.0477 0.1720 0.1583 0.2033 0.1542 0.1589 0.1300 0.1114
0.0998 0.0910 0.1102 0.2075 0.2393 0.0235 0.0902 0.2949 0.0635 0.0604 0.0918 0.1291 0.1824 0.1550 0.2033 0.2554 0.2523 0.0398 0.2356 0.1552
0.1531 0.1290 0.0972 0.1081 0.2571 0.1873 0.1667 0.1700 0.2116 0.1896 0.1115 0.1315 0.0938 0.1806 0.1542 0.2523 0.2423 0.2164 0.1365 0.1272
0.1714 0.2600 0.2421 0.1874 0.0539 0.1520 0.1995 0.0369 0.0869 0.1228 0.0506 0.1288 0.1489 0.1185 0.1589 0.0398 0.2164 0.2366 0.1570 0.0614
0.1458 0.1327 0.1775 0.2104 0.0718 0.0523 0.1159 0.1417 0.2642 0.2672 0.1977 0.1075 0.1351 0.2619 0.1300 0.2356 0.1365 0.1570 0.2404 0.1471
0.0616 0.1670 0.2224 0.1309 0.1430 0.1827 0.2812 0.1803 0.2544 0.1662 0.0938 0.1895 0.1248 0.2548 0.1114 0.1552 0.1272 0.0614 0.1471 0.2332
