0.0776 0.0065 0.0700 0.0154 0.0361 0.0418 0.0447 0.0292 0.0613 0.0241 0.0551 0.0775 0.0676 0.0680 0.0721 0.0440 0.0575 0.0426 0.0479 0.0640
0.0065 0.0135 0.0314 0.0680 0.0436 0.0449 0.0233 0.0291 0.0708 0.0380 0.0177 0.0445 0.0604 0.0627 0.0362 0.0522 0.0642 0.0086 0.0462 0.0621
0.0700 0.0314 0.0137 0.0535 0.0224 0.0831 0.0665 0.0120 0.0050 0.0733 0.0155 0.0503 0.0443 0.0238 0.0036 0.0799 0.0698 0.0549 0.0548 0.0480
0.0154 0.0680 0.0535 0.0498 0.0141 0.0772 0.0609 0.0155 0.0370 0.0389 0.0612 0.0085 0.0785 0.0126 0.0550 0.0476 0.0755 0.0606 0.0844 0.0629
0.0361 0.0436 0.0224 0.0141 0.0411 0.0277 0.0619 0.0472 0.0502 0.0274 0.0507 0.0744 0.0782 0.0192 0.0744 0.0377 0.0427 0.0792 0.0692 0.0648
0.0418 0.0449 0.0831 0.0772 0.0277 0.0507 0.0571 0.0522 0.0810 0.0249 0.0515 0.0501 0.0943 0.0780 0.0150 0.0608 0.0538 0.0477 0.0390 0.0599
0.0447 0.0233 0.0665 0.0609 0.0619 0.0571 0.0199 0.0703 0.0618 0.0591 0.0190 0.0194 0.0155 0.0402 0.0918 0.0464 0.0522 0.0658 0.0683 0.0586
0.0292 0.0291 0.0120 0.0155 0.0472 0.0522 0.0703 0.0195 0.0269 0.0513 0.0423 0.0249 0.0438 0.0238 0.0898 0.0400 0.0005 0.0493 0.0579 0.0339
0.0613 0.0708 0.0050 0.0370 0.0502 0.0810 0.0618 0.0269 0.0054 0.0450 0.0634 0.0316 0.0419 0.0504 0.0237 0.0517 0.0341 0.0649 0.0322 0.0029
0.0241 0.0380 0.0733 0.0389 0.0274 0.0249 0.0591 0.0513 0.0450 0.0592 0.0557 0.0515 0.0164 0.0694 0.0550 0.0858 0.0524 0.0614 0.0826 0.0369
0.0551 0.0177 0.0155 0.0612 0.0507 0.0515 0.0190 0.0423 0.0634 0.0557 0.0464 0.0506 0.0583 0.0727 0.0693 0.0738 0.0887 0.0602 0.0591 0.0407
0.0775 0.0445 0.0503 0.0085 0.0744 0.0501 0.0194 0.0249 0.0316 0.0515 0.0506 0.0827 0.0994 0.0387 0.0422 0.0241 0.0581 0.0949 0.0574 0.0609
0.0676 0.0604 0.0443 0.0785 0.0782 0.0943 0.0155 0.0438 0.0419 0.0164 0.0583 0.0994 0.0630 0.0450 0.0634 0.0334 0.0672 0.0117 0.0474 0.0643
0.0680 0.0627 0.0238 0.0126 0.0192 0.0780 0.0402 0.0238 0.0504 0.0694 0.0727 0.0387 0.0450 0.0265 0.0440 0.0537 0.0364 0.0789 0.0422 0.0477
0.0721 0.0362 0.0036 0.0550 0.0744 0.0150 0.0918 0.0898 0.0237 0.0550 0.0693 0.0422 0.0634 0.0440 0.0754 0.0538 0.0635 0.0489 0.0542 0.0777
0.0440 0.0522 0.0799 0.0476 0.0377 0.0608 0.0464 0.0400 0.0517 0.0858 0.0738 0.0241 0.0334 0.0537 0.0538 0.0646 0.0923 0.0342 0.0380 0.0611
0.0575 0.0642 0.0698 0.0755 0.0427 0.0538 0.0522 0.0005 0.0341 0.0524 0.0887 0.0581 0.0672 0.0364 0.0635 0.0923 0.0261 0.0729 0.0527 0.0546
0.0426 0.0086 0.0549 0.0606 0.0792 0.0477 0.0658 0.0493 0.0649 0.0614 0.0602 0.0949 0.0117 0.0789 0.0489 0.0342 0.0729 0.0685 0.0488 0.0178
0.0479 0.0462 0.0548 0.0844 0.0692 0.0390 0.0683 0.0579 0.0322 0.0826 0.0591 0.0574 0.0474 0.0422 0.0542 0.0380 0.0527 0.0488 0.0619 0.0475
0.0640 0.0621 0.0480 0.0629 0.0648 0.0599 0.0586 0.0339 0.0029 0.0369 0.0407 0.0609 0.0643 0.0477 0.0777 0.0611 0.0546 0.0178 0.0475 0.0982
