0.2818 0.2757 0.2515 0.2581 0.1619 0.0418 0.1113 0.2425 0.1547 0.1291 0.1839 0.1298 0.2355 0.2023 0.0885 0.1682 0.2051 0.0823 0.1832 0.0567
0.2757 0.1784 0.1978 0.1805 0.1042 0.0892 0.1804 0.1295 0.1589 0.2413 0.2109 0.1960 0.1473 0.1675 0.2226 0.1552 0.2562 0.1252 0.1700 0.0637
0.2515 0.1978 0.1505 0.1735 0.1295 0.0583 0.0548 0.1703 0.1372 0.0943 0.1199 0.2013 0.2193 0.1697 0.1806 0.0602 0.1215 0.2096 0.0644 0.1119
0.2581 0.1805 0.1735 0.2761 0.2284 0.2239 0.1864 0.0705 0.1704 0.1613 0.1786 0.2798 0.1475 0.1647 0.1549 0.1642 0.1154 0.1190 0.0682 0.1311
0.1619 0.1042 0.1295 0.2284 0.0876 0.2486 0.0383 0.1332 0.2125 0.2364 0.1292 0.0871 0.1459 0.0380 0.1854 0.1812 0.2298 0.1172 0.2015 0.0437
0.0418 0.0892 0.0583 0.2239 0.2486 0.0353 0.1001 0.1334 0.1865 0.1809 0.1316 0.1776 0.0683 0.1716 0.1493 0.1728 0.1490 0.1031 0.2061 0.2422
0.1113 0.1804 0.0548 0.1864 0.0383 0.1001 0.0805 0.1282 0.0339 0.1073 0.1479 0.1098 0.1200 0.1440 0.1087 0.1519 0.1557 0.2296 0.1437 0.0958
0.2425 0.1295 0.1703 0.0705 0.1332 0.1334 0.1282 0.2629 0.1840 0.1262 0.0458 0.1510 0.1669 0.1530 0.1022 0.0551 0.1868 0.1865 0.1487 0.1394
0.1547 0.1589 0.1372 0.1704 0.2125 0.1865 0.0339 0.1840 0.0412 0.1241 0.1079 0.1046 0.1893 0.2415 0.1578 0.2173 0.1737 0.2196 0.0474 0.1554
0.1291 0.2413 0.0943 0.1613 0.2364 0.1809 0.1073 0.1262 0.1241 0.1012 0.1124 0.1215 0.1748 0.0726 0.1527 0.1060 0.1863 0.1603 0.2496 0.1048
0.1839 0.2109 0.1199 0.1786 0.1292 0.1316 0.1479 0.0458 0.1079 0.1124 0.2449 0.1567 0.1035 0.1834 0.1551 0.2044 0.0562 0.1718 0.1884 0.1827
0.1298 0.1960 0.2013 0.2798 0.0871 0.1776 0.1098 0.1510 0.1046 0.1215 0.1567 0.2391 0.1232 0.0623 0.1849 0.0604 0.1103 0.0829 0.1960 0.2493
0.2355 0.1473 0.2193 0.1475 0.1459 0.0683 0.1200 0.1669 0.1893 0.1748 0.1035 0.1232 0.1280 0.1502 0.2530 0.1733 0.1221 0.1890 0.1754 0.0658
0.2023 0.1675 0.1697 0.1647 0.0380 0.1716 0.1440 0.1530 0.2415 0.0726 0.1834 0.0623 0.1502 0.2054 0.2685 0.1172 0.1862 0.1218 0.1581 0.1095
0.0885 0.2226 0.1806 0.1549 0.1854 0.1493 0.1087 0.1022 0.1578 0.1527 0.1551 0.1849 0.2530 0.2685 0.2268 0.0991 0.2139 0.1566 0.0442 0.0527
0.1682 0.1552 0.0602 0.1642 0.1812 0.1728 0.1519 0.0551 0.2173 0.1060 0.2044 0.0604 0.1733 0.1172 0.0991 0.2515 0.1480 0.0835 0.1436 0.0982
0.2051 0.2562 0.1215 0.1154 0.2298 0.1490 0.1557 0.1868 0.1737 0.1863 0.0562 0.1103 0.1221 0.1862 0.2139 0.1480 0.0908 0.1609 0.1807 0.1800
0.0823 0.1252 0.2096 0.1190 0.1172 0.1031 0.2296 0.1865 0.2196 0.1603 0.1718 0.0829 0.1890 0.1218 0.1566 0.0835 0.1609 0.0137 0.0259 0.0326
0.1832 0.1700 0.0644 0.0682 0.2015 0.2061 0.1437 0.1487 0.0474 0.2496 0.1884 0.1960 0.1754 0.1581 0.0442 0.1436 0.1807 0.0259 0.2335 0.1764
0.0567 0.0637 0.1119 0.1311 0.0437 0.2422 0.0958 0.1394 0.1554 0.1048 0.1827 0.2493 0.0658 0.1095 0.0527 0.0982 0.1800 0.0326 0.1764 0.0382
