0.0053 0.0266 0.0390 0.0567 0.0862 0.0211 0.0565 0.0908 0.0526 0.0654 0.0588 0.0653 0.0459 0.0869 0.0538 0.0157 0.0445 0.0675 0.0257 0.0583
0.0266 0.0540 0.0571 0.0076 0.0300 0.0421 0.0424 0.0567 0.0652 0.0244 0.0203 0.0483 0.0499 0.0670 0.0040 0.0429 0.0635 0.0376 0.0155 0.0877
0.0390 0.0571 0.0844 0.0793 0.0412 0.0447 0.0559 0.0053 0.0311 0.0375 0.0479 0.0228 0.0362 0.0222 0.0503 0.0442 0.0792 0.0743 0.0672 0.0460
0.0567 0.0076 0.0793 0.0178 0.0583 0.0678 0.0534 0.0090 0.0611 0.0823 0.0657 0.0510 0.0755 0.0300 0.0259 0.0281 0.0512 0.0149 0.0859 0.0319
0.0862 0.0300 0.0412 0.0583 0.0238 0.0667 0.0503 0.0250 0.0445 0.0495 0.0464 0.0223 0.0311 0.0683 0.0634 0.0355 0.0452 0.0354 0.0515 0.0568
0.0211 0.0421 0.0447 0.0678 0.0667 0.0910 0.0465 0.0516 0.0667 0.0696 0.0418 0.0675 0.0471 0.0453 0.0660 0.0182 0.0362 0.0698 0.0303 0.0740
0.0565 0.0424 0.0559 0.0534 0.0503 0.0465 0.0336 0.0848 0.0520 0.0576 0.0624 0.0155 0.0354 0.0621 0.0436 0.0902 0.0306 0.0119 0.0387 0.0439
0.0908 0.0567 0.0053 0.0090 0.0250 0.0516 0.0848 0.0636 0.0203 0.0370 0.0176 0.0470 0.0316 0.0288 0.0581 0.0333 0.0397 0.0468 0.0600 0.0739
0.0526 0.0652 0.0311 0.0611 0.0445 0.0667 0.0520 0.0203 0.0585 0.0581 0.0764 0.0349 0.0463 0.0123 0.0491 0.0689 0.0572 0.0626 0.0686 0.0591
0.0654 0.0244 0.0375 0.0823 0.0495 0.0696 0.0576 0.0370 0.0581 0.0116 0.0522 0.0857 0.0392 0.0469 0.0390 0.0349 0.0901 0.0558 0.0464 0.0494
0.0588 0.0203 0.0479 0.0657 0.0464 0.0418 0.0624 0.0176 0.0764 0.0522 0.0489 0.0336 0.0943 0.0313 0.0744 0.0201 0.0558 0.0609 0.0942 0.0748
0.0653 0.0483 0.0228 0.0510 0.0223 0.0675 0.0155 0.0470 0.0349 0.0857 0.0336 0.0524 0.0646 0.0462 0.0269 0.0645 0.0557 0.0766 0.0394 0.0488
0.0459 0.0499 0.0362 0.0755 0.0311 0.0471 0.0354 0.0316 0.0463 0.0392 0.0943 0.0646 0.0970 0.0385 0.0417 0.0540 0.0496 0.0652 0.0604 0.0943
0.0869 0.0670 0.0222 0.0300 0.0683 0.0453 0.0621 0.0288 0.0123 0.0469 0.0313 0.0462 0.0385 0.0995 0.0679 0.0601 0.0051 0.0480 0.0733 0.0321
0.0538 0.0040 0.0503 0.0259 0.0634 0.0660 0.0436 0.0581 0.0491 0.0390 0.0744 0.0269 0.0417 0.0679 0.0862 0.0590 0.0347 0.0689 0.0535 0.0264
0.0157 0.0429 0.0442 0.0281 0.0355 0.0182 0.0902 0.0333 0.0689 0.0349 0.0201 0.0645 0.0540 0.0601 0.0590 0.0950 0.0747 0.0501 0.0682 0.0776
0.0445 0.0635 0.0792 0.0512 0.0452 0.0362 0.0306 0.0397 0.0572 0.0901 0.0558 0.0557 0.0496 0.0051 0.0347 0.0747 0.0687 0.0273 0.0846 0.0383
0.0675 0.0376 0.0743 0.0149 0.0354 0.0698 0.0119 0.0468 0.0626 0.0558 0.0609 0.0766 0.0652 0.0480 0.0689 0.0501 0.0273 0.0662 0.0641 0.0569
0.0257 0.0155 0.0672 0.0859 0.0515 0.0303 0.0387 0.0600 0.0686 0.0464 0.0942 0.0394 0.0604 0.0733 0.0535 0.0682 0.0846 0.0641 0.0248 0.0257
0.0583 0.0877 0.0460 0.0319 0.0568 0.0740 0.0439 0.0739 0.0591 0.0494 0.0748 0.0488 0.0943 0.0321 0.0264 0.0776 0.0383 0.0569 0.0257 0.0340
