0.0138 0.0560 0.0521 0.0284 0.0593 0.0526 0.0381 0.0505 0.0177 0.0638
0.0560 0.0981 0.0677 0.0372 0.0477 0.0333 0.0586 0.0608 0.0223 0.0230
0.0521 0.0677 0.0902 0.0478 0.0391 0.0422 0.0419 0.0387 0.0428 0.0534
0.0284 0.0372 0.0478 0.0830 0.0636 0.0616 0.0557 0.0598 0.0260 0.0643
0.0593 0.0477 0.0391 0.0636 0.0674 0.0643 0.0302 0.0441 0.0459 0.0597
0.0526 0.0333 0.0422 0.0616 0.0643 0.0350 0.0424 0.0368 0.0810 0.0280
0.0381 0.0586 0.0419 0.0557 0.0302 0.0424 0.0822 0.0418 0.0804 0.0777
0.0505 0.0608 0.0387 0.0598 0.0441 0.0368 0.0418 0.0621 0.0524 0.0351
0.0177 0.0223 0.0428 0.0260 0.0459 0.0810 0.0804 0.0524 0.0614 0.0447
0.0638 0.0230 0.0534 0.0643 0.0597 0.0280 0.0777 0.0351 0.0447 0.0460
