0.1054 0.1631 0.2016 0.2095 0.1355 0.1968 0.1313 0.2001 0.1689 0.0566 0.2524 0.1450 0.1227 0.1358 0.1880
0.1631 0.2987 0.2635 0.2396 0.1678 0.1076 0.0881 0.2089 0.1738 0.2439 0.0924 0.1472 0.1602 0.1747 0.1024
0.2016 0.2635 0.1248 0.1442 0.1744 0.1761 0.0480 0.1430 0.1527 0.1690 0.2505 0.0967 0.1255 0.0629 0.1495
0.2095 0.2396 0.1442 0.0917 0.2311 0.1135 0.1524 0.1079 0.1393 0.2254 0.0770 0.0568 0.0870 0.1737 0.1442
0.1355 0.1678 0.1744 0.2311 0.2055 0.1708 0.1337 0.0805 0.1451 0.1703 0.1355 0.1765 0.1427 0.2569 0.0801
0.1968 0.1076 0.1761 0.1135 0.1708 0.1311 0.0966 0.1742 0.1035 0.0813 0.1899 0.1778 0.1050 0.1170 0.2337
0.1313 0.0881 0.0480 0.1524 0.1337 0.0966 0.0361 0.1377 0.2148 0.2632 0.1120 0.2254 0.1931 0.2419 0.1900
0.2001 0.2089 0.1430 0.1079 0.0805 0.1742 0.1377 0.1158 0.1050 0.1423 0.1313 0.2752 0.1084 0.1504 0.0611
0.1689 0.1738 0.1527 0.1393 0.1451 0.1035 0.2148 0.1050 0.0963 0.1639 0.1804 0.0597 0.1739 0.1448 0.0382
0.0566 0.2439 0.1690 0.2254 0.1703 0.0813 0.2632 0.1423 0.1639 0.2243 0.0352 0.1188 0.1606 0.2122 0.1940
0.2524 0.0924 0.2505 0.0770 0.1355 0.1899 0.1120 0.1313 0.1804 0.0352 0.2714 0.0826 0.1414 0.0852 0.2036
0.1450 0.1472 0.0967 0.0568 0.1765 0.1778 0.2254 0.2752 0.0597 0.1188 0.0826 0.2991 0.2307 0.2567 0.0993
0.1227 0.1602 0.1255 0.0870 0.1427 0.1050 0.1931 0.1084 0.1739 0.1606 0.1414 0.2307 0.2730 0.1828 0.0673
0.1358 0.1747 0.0629 0.1737 0.2569 0.1170 0.2419 0.1504 0.1448 0.2122 0.0852 0.2567 0.1828 0.2644 0.1805
0.1880 0.1024 0.1495 0.1442 0.0801 0.2337 0.1900 0.0611 0.0382 0.1940 0.2036 0.0993 0.0673 0.1805 0.0661
