0.0389 0.0272 0.0497 0.0652 0.0196 0.0650 0.0832 0.0377 0.0537 0.0470 0.0702 0.0694 0.0484 0.0589 0.0740 0.0217 0.0348 0.0573 0.0769 0.0248 0.0740 0.0237 0.0697 0.0691 0.0818 0.0415 0.0486 0.0537 0.0486 0.0720 0.0360 0.0684 0.0545 0.0659 0.0241 0.0496 0.0576 0.0622 0.0855 0.0553
0.0272 0.0815 0.0671 0.0284 0.0599 0.0434 0.0815 0.0710 0.0414 0.0544 0.0563 0.0622 0.0245 0.0480 0.0661 0.0767 0.0594 0.0270 0.0418 0.0767 0.0591 0.0692 0.0525 0.0489 0.0536 0.0397 0.0399 0.0449 0.0246 0.0590 0.0620 0.0576 0.0715 0.0365 0.0280 0.0201 0.0554 0.0519 0.0815 0.0677
0.0497 0.0671 0.0604 0.0497 0.0168 0.0331 0.0166 0.0246 0.0742 0.0461 0.0463 0.0827 0.0454 0.0789 0.0175 0.0773 0.0420 0.0233 0.0537 0.0773 0.0401 0.0152 0.0347 0.0696 0.0171 0.0756 0.0355 0.0296 0.0684 0.0383 0.0507 0.0339 0.0527 0.0442 0.0740 0.0287 0.0249 0.0809 0.0163 0.0626
0.0652 0.0284 0.0497 0.0027 0.0289 0.0443 0.0559 0.0585 0.0663 0.0557 0.0733 0.0644 0.0450 0.0615 0.0402 0.0525 0.0488 0.0377 0.0504 0.0159 0.0651 0.0580 0.0447 0.0491 0.0791 0.0737 0.0553 0.0225 0.0495 0.0492 0.0211 0.0393 0.0435 0.0419 0.0705 0.0385 0.0640 0.0159 0.0365 0.0344
0.0196 0.0599 0.0168 0.0289 0.0907 0.0532 0.0492 0.0285 0.0416 0.0648 0.0232 0.0440 0.0587 0.0734 0.0424 0.0717 0.0362 0.0755 0.0417 0.0360 0.0578 0.0506 0.0300 0.0754 0.0409 0.0358 0.0172 0.0165 0.0402 0.0787 0.0604 0.0236 0.0533 0.0916 0.0426 0.0205 0.0450 0.0416 0.0215 0.0722
0.0650 0.0434 0.0331 0.0443 0.0532 0.0316 0.0573 0.0353 0.0801 0.0356 0.0503 0.0313 0.0724 0.0569 0.0511 0.0282 0.0112 0.0329 0.0509 0.0326 0.0461 0.0729 0.0759 0.0747 0.0673 0.0501 0.0593 0.0405 0.0030 0.0594 0.0493 0.0708 0.0727 0.0277 0.0119 0.0521 0.0771 0.0650 0.0431 0.0286
0.0832 0.0815 0.0166 0.0559 0.0492 0.0573 0.0941 0.0739 0.0618 0.0824 0.0503 0.0808 0.0193 0.0454 0.0136 0.0449 0.0581 0.0686 0.0136 0.0614 0.0594 0.0907 0.0375 0.0844 0.0459 0.0463 0.0729 0.0874 0.0736 0.0316 0.0482 0.0861 0.0749 0.0543 0.0584 0.0603 0.0537 0.0501 0.0174 0.0673
0.0377 0.0710 0.0246 0.0585 0.0285 0.0353 0.0739 0.0953 0.0616 0.0320 0.0397 0.0204 0.0418 0.0468 0.0382 0.0493 0.0497 0.0574 0.0365 0.0715 0.0668 0.0457 0.0420 0.0504 0.0422 0.0148 0.0423 0.0421 0.0431 0.0322 0.0555 0.0494 0.0367 0.0664 0.0229 0.0800 0.0780 0.0425 0.0670 0.0544
0.0537 0.0414 0.0742 0.0663 0.0416 0.0801 0.0618 0.0616 0.0091 0.0249 0.0561 0.0295 0.0830 0.0676 0.0458 0.0632 0.0530 0.0264 0.0556 0.0729 0.0205 0.0519 0.0840 0.0428 0.0157 0.0332 0.0412 0.0316 0.0360 0.0281 0.0330 0.0737 0.0417 0.0624 0.0344 0.0648 0.0761 0.0485 0.0369 0.0600
0.0470 0.0544 0.0461 0.0557 0.0648 0.0356 0.0824 0.0320 0.0249 0.0325 0.0877 0.0509 0.0612 0.0642 0.0309 0.0204 0.0498 0.0388 0.0551 0.0463 0.0353 0.0665 0.0614 0.0651 0.0257 0.0697 0.0849 0.0396 0.0610 0.0364 0.0214 0.0540 0.0565 0.0659 0.0613 0.0545 0.0708 0.0531 0.0849 0.0366
0.0702 0.0563 0.0463 0.0733 0.0232 0.0503 0.0503 0.0397 0.0561 0.0877 0.0934 0.0854 0.0301 0.0339 0.0679 0.0554 0.0453 0.0703 0.0958 0.0806 0.0742 0.0462 0.0782 0.0337 0.0475 0.0478 0.0553 0.0106 0.0351 0.0944 0.0472 0.0457 0.0697 0.0311 0.0805 0.0372 0.0157 0.0116 0.0468 0.0153
0.0694 0.0622 0.0827 0.0644 0.0440 0.0313 0.0808 0.0204 0.0295 0.0509 0.0854 0.0074 0.0718 0.0433 0.0417 0.0156 0.0292 0.0540 0.0857 0.0533 0.0165 0.0535 0.0572 0.0545 0.0475 0.0557 0.0324 0.0404 0.0757 0.0046 0.0908 0.0516 0.0094 0.0488 0.0146 0.0360 0.0639 0.0688 0.0300 0.0510
0.0484 0.0245 0.0454 0.0450 0.0587 0.0724 0.0193 0.0418 0.0830 0.0612 0.0301 0.0718 0.0050 0.0398 0.0492 0.0523 0.0610 0.0353 0.0543 0.0457 0.0295 0.0673 0.0504 0.0620 0.0502 0.0651 0.0494 0.0610 0.0218 0.0661 0.0426 0.0517 0.0176 0.0612 0.0446 0.0660 0.0348 0.0515 0.0924 0.0608
0.0589 0.0480 0.0789 0.0615 0.0734 0.0569 0.0454 0.0468 0.0676 0.0642 0.0339 0.0433 0.0398 0.0400 0.0312 0.0426 0.0494 0.0227 0.0531 0.0273 0.0687 0.0297 0.0538 0.0431 0.0625 0.0413 0.0754 0.0457 0.0550 0.0628 0.0131 0.0406 0.0504 0.0691 0.0394 0.0580 0.0430 0.0670 0.0729 0.0113
0.0740 0.0661 0.0175 0.0402 0.0424 0.0511 0.0136 0.0382 0.0458 0.0309 0.0679 0.0417 0.0492 0.0312 0.0920 0.0571 0.0108 0.0767 0.0758 0.0481 0.0476 0.0650 0.0401 0.0168 0.0747 0.0522 0.0765 0.0409 0.0523 0.0277 0.0577 0.0298 0.0618 0.0428 0.0560 0.0543 0.0516 0.0423 0.0235 0.0172
0.0217 0.0767 0.0773 0.0525 0.0717 0.0282 0.0449 0.0493 0.0632 0.0204 0.0554 0.0156 0.0523 0.0426 0.0571 0.0638 0.0585 0.0448 0.0481 0.0302 0.0740 0.0185 0.0643 0.0442 0.0163 0.0537 0.0708 0.0624 0.0058 0.0455 0.0385 0.0539 0.0795 0.0529 0.0242 0.0617 0.0676 0.0497 0.0291 0.0363
0.0348 0.0594 0.0420 0.0488 0.0362 0.0112 0.0581 0.0497 0.0530 0.0498 0.0453 0.0292 0.0610 0.0494 0.0108 0.0585 0.0257 0.0258 0.0240 0.0580 0.0538 0.0744 0.0418 0.0370 0.0281 0.0309 0.0324 0.0597 0.0185 0.0489 0.0566 0.0269 0.0787 0.0407 0.0331 0.0645 0.0474 0.0771 0.0234 0.0621
0.0573 0.0270 0.0233 0.0377 0.0755 0.0329 0.0686 0.0574 0.0264 0.0388 0.0703 0.0540 0.0353 0.0227 0.0767 0.0448 0.0258 0.0251 0.0453 0.0494 0.0641 0.0632 0.0456 0.0135 0.0642 0.0628 0.0736 0.0340 0.0279 0.0177 0.0444 0.0895 0.0520 0.0784 0.0317 0.0506 0.0369 0.0187 0.0800 0.0171
0.0769 0.0418 0.0537 0.0504 0.0417 0.0509 0.0136 0.0365 0.0556 0.0551 0.0958 0.0857 0.0543 0.0531 0.0758 0.0481 0.0240 0.0453 0.0985 0.0843 0.0516 0.0268 0.0592 0.0502 0.0271 0.0525 0.0290 0.0837 0.0398 0.0426 0.0574 0.0622 0.0465 0.0575 0.0785 0.0835 0.0296 0.0675 0.0448 0.0527
0.0248 0.0767 0.0773 0.0159 0.0360 0.0326 0.0614 0.0715 0.0729 0.0463 0.0806 0.0533 0.0457 0.0273 0.0481 0.0302 0.0580 0.0494 0.0843 0.0736 0.0636 0.0508 0.0921 0.0437 0.0956 0.0616 0.0628 0.0252 0.0448 0.0146 0.0761 0.0292 0.0823 0.0149 0.0375 0.0172 0.0790 0.0587 0.0419 0.0505
0.0740 0.0591 0.0401 0.0651 0.0578 0.0461 0.0594 0.0668 0.0205 0.0353 0.0742 0.0165 0.0295 0.0687 0.0476 0.0740 0.0538 0.0641 0.0516 0.0636 0.0577 0.0064 0.0222 0.0395 0.0947 0.0757 0.0083 0.0221 0.0769 0.0318 0.0399 0.0222 0.0430 0.0720 0.0333 0.0337 0.0478 0.0325 0.0291 0.0761
0.0237 0.0692 0.0152 0.0580 0.0506 0.0729 0.0907 0.0457 0.0519 0.0665 0.0462 0.0535 0.0673 0.0297 0.0650 0.0185 0.0744 0.0632 0.0268 0.0508 0.0064 0.0478 0.0612 0.0221 0.0169 0.0464 0.0701 0.0756 0.0790 0.0113 0.0571 0.0449 0.0561 0.0156 0.0574 0.0401 0.0516 0.0091 0.0681 0.0580
0.0697 0.0525 0.0347 0.0447 0.0300 0.0759 0.0375 0.0420 0.0840 0.0614 0.0782 0.0572 0.0504 0.0538 0.0401 0.0643 0.0418 0.0456 0.0592 0.0921 0.0222 0.0612 0.0064 0.0556 0.0580 0.0290 0.0562 0.0408 0.0792 0.0614 0.0637 0.0644 0.0092 0.0568 0.0396 0.0395 0.0489 0.0490 0.0612 0.0391
0.0691 0.0489 0.0696 0.0491 0.0754 0.0747 0.0844 0.0504 0.0428 0.0651 0.0337 0.0545 0.0620 0.0431 0.0168 0.0442 0.0370 0.0135 0.0502 0.0437 0.0395 0.0221 0.0556 0.0162 0.0510 0.0836 0.0658 0.0512 0.0677 0.0812 0.0226 0.0765 0.0485 0.0498 0.0313 0.0870 0.0788 0.0622 0.0323 0.0481
0.0818 0.0536 0.0171 0.0791 0.0409 0.0673 0.0459 0.0422 0.0157 0.0257 0.0475 0.0475 0.0502 0.0625 0.0747 0.0163 0.0281 0.0642 0.0271 0.0956 0.0947 0.0169 0.0580 0.0510 0.0839 0.0392 0.0756 0.0572 0.0552 0.0441 0.0354 0.0542 0.0425 0.0241 0.0295 0.0184 0.0753 0.0574 0.0084 0.0539
0.0415 0.0397 0.0756 0.0737 0.0358 0.0501 0.0463 0.0148 0.0332 0.0697 0.0478 0.0557 0.0651 0.0413 0.0522 0.0537 0.0309 0.0628 0.0525 0.0616 0.0757 0.0464 0.0290 0.0836 0.0392 0.0741 0.0871 0.0834 0.0177 0.0495 0.0756 0.0299 0.0434 0.0683 0.0252 0.0413 0.0707 0.0942 0.0800 0.0778
0.0486 0.0399 0.0355 0.0553 0.0172 0.0593 0.0729 0.0423 0.0412 0.0849 0.0553 0.0324 0.0494 0.0754 0.0765 0.0708 0.0324 0.0736 0.0290 0.0628 0.0083 0.0701 0.0562 0.0658 0.0756 0.0871 0.0291 0.0829 0.0677 0.0709 0.0485 0.0488 0.0266 0.0665 0.0350 0.0715 0.0202 0.0488 0.0440 0.0535
0.0537 0.0449 0.0296 0.0225 0.0165 0.0405 0.0874 0.0421 0.0316 0.0396 0.0106 0.0404 0.0610 0.0457 0.0409 0.0624 0.0597 0.0340 0.0837 0.0252 0.0221 0.0756 0.0408 0.0512 0.0572 0.0834 0.0829 0.0564 0.0385 0.0488 0.0500 0.0597 0.0775 0.0167 0.0139 0.0571 0.0362 0.0318 0.0731 0.0594
0.0486 0.0246 0.0684 0.0495 0.0402 0.0030 0.0736 0.0431 0.0360 0.0610 0.0351 0.0757 0.0218 0.0550 0.0523 0.0058 0.0185 0.0279 0.0398 0.0448 0.0769 0.0790 0.0792 0.0677 0.0552 0.0177 0.0677 0.0385 0.0389 0.0559 0.0697 0.0459 0.0687 0.0277 0.0771 0.0633 0.0463 0.0898 0.0167 0.0500
0.0720 0.0590 0.0383 0.0492 0.0787 0.0594 0.0316 0.0322 0.0281 0.0364 0.0944 0.0046 0.0661 0.0628 0.0277 0.0455 0.0489 0.0177 0.0426 0.0146 0.0318 0.0113 0.0614 0.0812 0.0441 0.0495 0.0709 0.0488 0.0559 0.0645 0.0704 0.0414 0.0173 0.0207 0.0791 0.0125 0.0486 0.0613 0.0554 0.0523
0.0360 0.0620 0.0507 0.0211 0.0604 0.0493 0.0482 0.0555 0.0330 0.0214 0.0472 0.0908 0.0426 0.0131 0.0577 0.0385 0.0566 0.0444 0.0574 0.0761 0.0399 0.0571 0.0637 0.0226 0.0354 0.0756 0.0485 0.0500 0.0697 0.0704 0.0299 0.0366 0.0457 0.0292 0.0622 0.0433 0.0378 0.0177 0.0635 0.0725
0.0684 0.0576 0.0339 0.0393 0.0236 0.0708 0.0861 0.0494 0.0737 0.0540 0.0457 0.0516 0.0517 0.0406 0.0298 0.0539 0.0269 0.0895 0.0622 0.0292 0.0222 0.0449 0.0644 0.0765 0.0542 0.0299 0.0488 0.0597 0.0459 0.0414 0.0366 0.0669 0.0927 0.0309 0.0379 0.0289 0.0353 0.0534 0.0534 0.0321
0.0545 0.0715 0.0527 0.0435 0.0533 0.0727 0.0749 0.0367 0.0417 0.0565 0.0697 0.0094 0.0176 0.0504 0.0618 0.0795 0.0787 0.0520 0.0465 0.0823 0.0430 0.0561 0.0092 0.0485 0.0425 0.0434 0.0266 0.0775 0.0687 0.0173 0.0457 0.0927 0.0430 0.0230 0.0390 0.0400 0.0667 0.0725 0.0294 0.0541
0.0659 0.0365 0.0442 0.0419 0.0916 0.0277 0.0543 0.0664 0.0624 0.0659 0.0311 0.0488 0.0612 0.0691 0.0428 0.0529 0.0407 0.0784 0.0575 0.0149 0.0720 0.0156 0.0568 0.0498 0.0241 0.0683 0.0665 0.0167 0.0277 0.0207 0.0292 0.0309 0.0230 0.0128 0.0488 0.0436 0.0361 0.0422 0.0024 0.0712
0.0241 0.0280 0.0740 0.0705 0.0426 0.0119 0.0584 0.0229 0.0344 0.0613 0.0805 0.0146 0.0446 0.0394 0.0560 0.0242 0.0331 0.0317 0.0785 0.0375 0.0333 0.0574 0.0396 0.0313 0.0295 0.0252 0.0350 0.0139 0.0771 0.0791 0.0622 0.0379 0.0390 0.0488 0.0710 0.0165 0.0883 0.0646 0.0964 0.0631
0.0496 0.0201 0.0287 0.0385 0.0205 0.0521 0.0603 0.0800 0.0648 0.0545 0.0372 0.0360 0.0660 0.0580 0.0543 0.0617 0.0645 0.0506 0.0835 0.0172 0.0337 0.0401 0.0395 0.0870 0.0184 0.0413 0.0715 0.0571 0.0633 0.0125 0.0433 0.0289 0.0400 0.0436 0.0165 0.0025 0.0076 0.0499 0.0613 0.0573
0.0576 0.0554 0.0249 0.0640 0.0450 0.0771 0.0537 0.0780 0.0761 0.0708 0.0157 0.0639 0.0348 0.0430 0.0516 0.0676 0.0474 0.0369 0.0296 0.0790 0.0478 0.0516 0.0489 0.0788 0.0753 0.0707 0.0202 0.0362 0.0463 0.0486 0.0378 0.0353 0.0667 0.0361 0.0883 0.0076 0.0314 0.0526 0.0536 0.0681
0.0622 0.0519 0.0809 0.0159 0.0416 0.0650 0.0501 0.0425 0.0485 0.0531 0.0116 0.0688 0.0515 0.0670 0.0423 0.0497 0.0771 0.0187 0.0675 0.0587 0.0325 0.0091 0.0490 0.0622 0.0574 0.0942 0.0488 0.0318 0.0898 0.0613 0.0177 0.0534 0.0725 0.0422 0.0646 0.0499 0.0526 0.0460 0.0669 0.0634
0.0855 0.0815 0.0163 0.0365 0.0215 0.0431 0.0174 0.0670 0.0369 0.0849 0.0468 0.0300 0.0924 0.0729 0.0235 0.0291 0.0234 0.0800 0.0448 0.0419 0.0291 0.0681 0.0612 0.0323 0.0084 0.0800 0.0440 0.0731 0.0167 0.0554 0.0635 0.0534 0.0294 0.0024 0.0964 0.0613 0.0536 0.0669 0.0119 0.0465
0.0553 0.0677 0.0626 0.0344 0.0722 0.0286 0.0673 0.0544 0.0600 0.0366 0.0153 0.0510 0.0608 0.0113 0.0172 0.0363 0.0621 0.0171 0.0527 0.0505 0.0761 0.0580 0.0391 0.0481 0.0539 0.0778 0.0535 0.0594 0.0500 0.0523 0.0725 0.0321 0.0541 0.0712 0.0631 0.0573 0.0681 0.0634 0.0465 0.0036
