0.0749 0.0294 0.0770 0.0526 0.0630 0.0575 0.0261 0.0842 0.0511 0.0409 0.0879 0.0847 0.0527 0.0686 0.0832 0.0571 0.0385 0.0425 0.0060 0.0348
0.0294 0.0227 0.0752 0.0416 0.0346 0.0306 0.0409 0.0820 0.0215 0.0824 0.0343 0.0578 0.0477 0.0527 0.0490 0.0497 0.0807 0.0524 0.0457 0.0315
0.0770 0.0752 0.0332 0.0353 0.0509 0.0718 0.0675 0.0550 0.0652 0.0412 0.0365 0.0446 0.0286 0.0673 0.0902 0.0541 0.0643 0.0692 0.0307 0.0745
0.0526 0.0416 0.0353 0.0859 0.0618 0.0506 0.0523 0.0242 0.0494 0.0481 0.0390 0.0641 0.0368 0.0796 0.0698 0.0552 0.0017 0.0897 0.0661 0.0671
0.0630 0.0346 0.0509 0.0618 0.0612 0.0698 0.0428 0.0143 0.0614 0.0366 0.0835 0.0416 0.0541 0.0090 0.0409 0.0546 0.0705 0.0909 0.0524 0.0515
0.0575 0.0306 0.0718 0.0506 0.0698 0.0342 0.0533 0.0399 0.0490 0.0358 0.0021 0.0273 0.0557 0.0892 0.0134 0.0884 0.0171 0.0545 0.0648 0.0137
0.0261 0.0409 0.0675 0.0523 0.0428 0.0533 0.0389 0.0460 0.0660 0.0603 0.0203 0.0323 0.0251 0.0214 0.0114 0.0799 0.0195 0.0440 0.0272 0.0658
0.0842 0.0820 0.0550 0.0242 0.0143 0.0399 0.0460 0.0746 0.0404 0.0681 0.0538 0.0563 0.0351 0.0678 0.0315 0.0263 0.0522 0.0923 0.0570 0.0781
0.0511 0.0215 0.0652 0.0494 0.0614 0.0490 0.0660 0.0404 0.0744 0.0666 0.0464 0.0657 0.0654 0.0766 0.0572 0.0787 0.0144 0.0593 0.0919 0.0598
0.0409 0.0824 0.0412 0.0481 0.0366 0.0358 0.0603 0.0681 0.0666 0.0049 0.0375 0.0170 0.0431 0.0878 0.0464 0.0846 0.0361 0.0401 0.0547 0.0518
0.0879 0.0343 0.0365 0.0390 0.0835 0.0021 0.0203 0.0538 0.0464 0.0375 0.0269 0.0507 0.0878 0.0432 0.0261 0.0529 0.0623 0.0435 0.0416 0.0913
0.0847 0.0578 0.0446 0.0641 0.0416 0.0273 0.0323 0.0563 0.0657 0.0170 0.0507 0.0870 0.0646 0.0464 0.0764 0.0661 0.0739 0.0289 0.0327 0.0336
0.0527 0.0477 0.0286 0.0368 0.0541 0.0557 0.0251 0.0351 0.0654 0.0431 0.0878 0.0646 0.0557 0.0672 0.0498 0.0118 0.0728 0.0432 0.0111 0.0545
0.0686 0.0527 0.0673 0.0796 0.0090 0.0892 0.0214 0.0678 0.0766 0.0878 0.0432 0.0464 0.0672 0.0050 0.0649 0.0168 0.0230 0.0628 0.0495 0.0609
0.0832 0.0490 0.0902 0.0698 0.0409 0.0134 0.0114 0.0315 0.0572 0.0464 0.0261 0.0764 0.0498 0.0649 0.0545 0.0427 0.0485 0.0206 0.0609 0.0134
0.0571 0.0497 0.0541 0.0552 0.0546 0.0884 0.0799 0.0263 0.0787 0.0846 0.0529 0.0661 0.0118 0.0168 0.0427 0.0050 0.0724 0.0424 0.0528 0.0469
0.0385 0.0807 0.0643 0.0017 0.0705 0.0171 0.0195 0.0522 0.0144 0.0361 0.0623 0.0739 0.0728 0.0230 0.0485 0.0724 0.0426 0.0527 0.0375 0.0522
0.0425 0.0524 0.0692 0.0897 0.0909 0.0545 0.0440 0.0923 0.0593 0.0401 0.0435 0.0289 0.0432 0.0628 0.0206 0.0424 0.0527 0.0680 0.0802 0.0664
0.0060 0.0457 0.0307 0.0661 0.0524 0.0648 0.0272 0.0570 0.0919 0.0547 0.0416 0.0327 0.0111 0.0495 0.0609 0.0528 0.0375 0.0802 0.0897 0.0300
0.0348 0.0315 0.0745 0.0671 0.0515 0.0137 0.0658 0.0781 0.0598 0.0518 0.0913 0.0336 0.0545 0.0609 0.0134 0.0469 0.0522 0.0664 0.0300 0.0340
